[0, 0, 0, 0, 49, 0, 0, 0, 0, 0, 0, 0, 0, 0, 0, 0, 0, 0, 0, 0], Wed Jan 11 00:54:13 CET 2023
[0, 0, 30, 0, 49, 0, 0, 0, 0, 0, 0, 0, 0, 0, 0, 0, 0, 0, 0, 0], Wed Jan 11 00:54:17 CET 2023
[0, 0, 30, 0, 49, 0, 0, 6, 0, 0, 0, 0, 0, 0, 0, 0, 0, 0, 0, 0], Wed Jan 11 00:54:17 CET 2023
[0, 0, 30, 0, 49, 0, 0, 6, 0, 0, 0, 12, 0, 0, 0, 0, 0, 0, 0, 0], Wed Jan 11 00:54:17 CET 2023
[0, 0, 30, 0, 49, 0, 0, 6, 0, 0, 0, 12, 0, 0, 1, 0, 0, 0, 0, 0], Wed Jan 11 00:54:17 CET 2023
[0, 0, 30, 0, 49, 0, 0, 6, 0, 0, 0, 12, 0, 0, 1, 0, 0, 0, 8, 0], Wed Jan 11 00:54:18 CET 2023
[0, 0, 30, 0, 49, 0, 0, 6, 0, 0, 0, 12, 0, 0, 1, 0, 17, 0, 8, 0], Wed Jan 11 00:54:20 CET 2023
[0, 0, 30, 0, 49, 0, 0, 6, 0, 0, 0, 12, 0, 0, 1, 36, 17, 0, 8, 0], Wed Jan 11 00:54:22 CET 2023
[0, 0, 30, 0, 49, 0, 0, 6, 0, 0, 0, 12, 0, 0, 50, 36, 17, 0, 8, 0], Wed Jan 11 00:54:23 CET 2023
[0, 0, 30, 0, 49, 0, 0, 21, 0, 0, 0, 12, 0, 0, 50, 36, 17, 0, 8, 0], Wed Jan 11 00:54:24 CET 2023
[0, 0, 30, 0, 49, 0, 0, 21, 12, 0, 0, 12, 0, 0, 50, 36, 17, 0, 8, 0], Wed Jan 11 00:54:26 CET 2023
[0, 0, 30, 0, 49, 0, 0, 21, 12, 66, 0, 12, 0, 0, 50, 36, 17, 0, 8, 0], Wed Jan 11 00:54:26 CET 2023
[0, 0, 30, 0, 49, 0, 0, 21, 12, 66, 44, 12, 0, 0, 50, 36, 17, 0, 8, 0], Wed Jan 11 00:54:26 CET 2023
