[0, 0, 0, 0, 49, 0, 0, 0, 0, 0, 0, 0, 0, 0, 0, 0, 0, 0, 0, 0], Tue Jan 10 12:26:37 CET 2023
[0, 0, 30, 0, 49, 0, 0, 0, 0, 0, 0, 0, 0, 0, 0, 0, 0, 0, 0, 0], Tue Jan 10 12:26:41 CET 2023
[0, 0, 30, 0, 49, 0, 0, 6, 0, 0, 0, 0, 0, 0, 0, 0, 0, 0, 0, 0], Tue Jan 10 12:26:41 CET 2023
[0, 0, 30, 0, 49, 0, 0, 6, 0, 0, 0, 12, 0, 0, 0, 0, 0, 0, 0, 0], Tue Jan 10 12:26:41 CET 2023
[0, 0, 30, 0, 49, 0, 0, 6, 0, 0, 0, 12, 0, 0, 1, 0, 0, 0, 0, 0], Tue Jan 10 12:26:41 CET 2023
[0, 0, 30, 0, 49, 0, 0, 6, 0, 0, 0, 12, 0, 0, 1, 0, 0, 0, 8, 0], Tue Jan 10 12:26:42 CET 2023
[0, 0, 30, 0, 49, 0, 0, 6, 0, 0, 0, 12, 0, 0, 1, 0, 17, 0, 8, 0], Tue Jan 10 12:26:44 CET 2023
[0, 0, 30, 0, 49, 0, 0, 6, 0, 0, 0, 12, 0, 0, 1, 36, 17, 0, 8, 0], Tue Jan 10 12:26:46 CET 2023
[0, 0, 30, 0, 49, 0, 0, 6, 0, 0, 0, 12, 0, 0, 50, 36, 17, 0, 8, 0], Tue Jan 10 12:26:47 CET 2023
[0, 0, 30, 0, 49, 0, 0, 21, 0, 0, 0, 12, 0, 0, 50, 36, 17, 0, 8, 0], Tue Jan 10 12:26:48 CET 2023
[0, 0, 30, 0, 49, 0, 0, 21, 12, 0, 0, 12, 0, 0, 50, 36, 17, 0, 8, 0], Tue Jan 10 12:26:50 CET 2023
[0, 0, 30, 0, 49, 0, 0, 21, 12, 66, 0, 12, 0, 0, 50, 36, 17, 0, 8, 0], Tue Jan 10 12:26:50 CET 2023
[0, 0, 30, 0, 49, 0, 0, 21, 12, 66, 44, 12, 0, 0, 50, 36, 17, 0, 8, 0], Tue Jan 10 12:26:50 CET 2023
